4.113753819987884253e-01
-1.564416175284190358e-02
3.881845261069508668e-01
3.908662446185706685e-01
2.645911366532537889e-01
4.074382577488169788e-01
1.078784112449218957e-01
5.769038878349555532e-02
-1.431026723585772376e-02
-1.242108767424166815e-01
2.400026091695900143e-01
3.872257156494092467e-02
2.093721307961634442e-02
-2.073988347200621599e-02
-1.419038364123685891e-01
-1.276968802607794107e-01
-1.558815975917562380e-01
-8.116698055123314215e-02
-6.331899450316404165e-02
-8.451715563403920661e-02
-1.044479860811944327e-01
-1.013286094012140204e-01
1.367581566046201236e-02
1.380395547607979854e-02
3.221910115289473020e-01
2.425765569930479759e-01
-2.340780338623703605e-01
2.995115419279520408e-01
-4.125833056553902811e-02
2.819219248721799298e-01
-1.066744628353348545e-01
-2.259247404569296180e-01
2.386798674737828849e-02
7.973408199565493737e-01
-7.646938693675278675e-02
-5.721513591506143248e-01
-1.294938074379635706e-01
-1.171629083400018700e-01
-1.571417870505135150e-01
-9.456145262765759674e-03
-1.190458495206643194e-02
3.772077094258928787e-01
-9.350942577951214252e-02
-1.564514413498171719e-01
-1.288486668406721714e-01
-2.774923864139751672e-01
-6.855090621136650242e-02
3.338949910475387250e-01
4.701767519969204251e-02
4.569421350748278932e-02
3.726147633888503286e-02
-3.957037175778465449e-02
-1.425458145024305345e-01
7.213799252208571433e-01
-3.417080621031793330e-01
-1.538250196399910119e-01
-4.059886206133084818e-01
-2.533274431217884537e-01
2.192704590396606090e-01
-5.366314403839338859e-02
2.125543663769079855e-02
-1.590847810748448332e-01
-5.417110974904688903e-02
1.514390763273211760e-01
1.740791872699407050e-02
1.311719922913956102e-02
-1.876432913400305404e-03
-3.496730388097440967e-02
5.385534912317092512e-03
-3.980486739927185241e-02
-1.172222866799437803e-02
-3.882237336021157614e-02
2.392081706712477843e-02
2.788993177615796057e-02
2.875472159615245424e-02
4.047849283169316185e-03
-3.248074158079242157e-02
-2.476934768258837183e-02
-4.524886877828039090e-03
-2.023984650806353799e-02
9.457184069363565662e-03
-5.383712016670888327e-03
3.347122002744033070e-02
3.443819505401442271e-02
-6.973182302339227083e-03
1.770637953663042191e-02
-2.232449375980100417e-02
3.157523829445861574e-02
-8.668286838367685043e-03
-1.143055107746556304e-01
-2.275537570115370931e-02
-2.170548420120916797e-02
-2.148256058684791178e-02
2.061059760864906998e-02
-1.996364343027883913e-03
-2.177886251692203595e-02
-3.610055805635312837e-02
-2.744534754471415327e-04
-7.729341256634579722e-03
3.332186883834632740e-02
-7.667001602611924448e-03
-1.750162195383761846e-02
5.701231962263670489e-02
-2.513235495007529879e-02
1.740610788731395547e-02
1.177262427988301843e-02
