-1.344474754333227495e-01
1.001577687417032868e-02
-1.179944074460648057e-01
-1.247744695927609226e-01
-8.589427294518194034e-02
-1.269298185250106736e-01
-3.249370597272576572e-02
-1.808783372639629489e-02
7.694745385969559495e-03
5.039030397446563059e-02
-8.074867005815115906e-02
-1.851232633065555758e-02
-1.249344360344323106e-02
3.124792408216181712e-03
3.770079192604790935e-02
3.752793195678669202e-02
4.833882904671987085e-02
2.222239000544843496e-02
1.874282019872195587e-02
2.581667969980000477e-02
3.776620848789243728e-02
3.455807475034271270e-02
-3.488800240314679415e-03
-3.851210198628274729e-03
-1.005192579787312496e-01
-7.156414973640275179e-02
6.931386815047020644e-02
-1.002476727552401026e-01
8.972137884585054332e-03
-8.389450226662040211e-02
3.827563162570925964e-02
7.437429870071482485e-02
-7.917346903089868965e-03
-2.456596793716081251e-01
2.200485319127447673e-02
1.739116803489680341e-01
4.479877500498229137e-02
2.927981185590436755e-02
5.341998563531052957e-02
4.406137218402418404e-04
8.791626534070810448e-03
-1.185423679989281442e-01
2.947854079353034312e-02
4.391105397926142739e-02
3.888876193322145930e-02
8.708765172504083496e-02
1.462752562829464434e-02
-9.930755072152254448e-02
-1.776995753054733465e-02
-1.543905768566724776e-02
-2.102971079560372186e-02
1.741528533476254317e-02
3.811057613696737512e-02
-2.212152180111325306e-01
9.861942890485275726e-02
4.226151792404247293e-02
1.290444502220887690e-01
8.555770060878341299e-02
-6.964740184998696737e-02
1.476362373033403633e-02
-3.234472899353885589e-03
5.166519992375678827e-02
1.247312818530537173e-02
-4.893184846144274514e-02
-3.281174283024540419e-03
-7.271363711748186735e-03
-5.890255865211475872e-03
1.004183726150943701e-02
-6.954644415620590738e-04
1.089463057327326977e-02
-3.683878051561029991e-03
9.948079412879952746e-03
1.648727085416090818e-04
-4.814606934690440852e-04
-8.866574045429351583e-03
-4.696691817493610366e-03
1.478440878713226797e-02
3.283118883859591653e-03
5.415048576300069728e-03
6.436988514337111354e-03
-1.192096999558144715e-03
8.000210846855617753e-04
-1.356075597343430264e-02
-8.880202467233455285e-03
2.562425826246056285e-04
-7.572825045968793051e-03
1.811820012959927326e-02
-7.136995343518075241e-03
7.317730599027588538e-03
3.420510516682680885e-02
2.406753501392181437e-03
1.098470284694662204e-03
5.952555089727255139e-03
-6.554013906603256903e-03
2.555178971465514332e-03
-1.822691937909422851e-03
8.251188165877953312e-03
-1.214239570007183151e-03
4.314546730584180659e-03
-4.428378005792942690e-03
-1.192096999558133657e-03
5.183500013024357374e-03
-2.109923870259222331e-02
1.915009237514913795e-02
-9.746164867512943078e-04
3.724935958311662194e-03
